{
  "intrinsics": [
    [
      258.7362449376671,
      0.0,
      424.0
    ],
    [
      0.0,
      258.7362449376671,
      240.0
    ],
    [
      0.0,
      0.0,
      1.0
    ]
  ],
  "movements": [
    {
      "frame": 0,
      "position": [
        -0.009922335140563494,
        0.013060004789858424,
        0.09864574770484136
      ],
      "rotation_euler": [
        15.49472564007888,
        7.113114713774993,
        179.66645080557123
      ],
      "rotation_matrix": [
        [
          -0.9922868054861768,
          -0.03869012905830532,
          -0.1177708349783166
        ],
        [
          0.0057766943120756255,
          -0.9634461408609903,
          0.26783980933178964
        ],
        [
          -0.12382861325583448,
          0.26509358267132077,
          0.956238394421402
        ]
      ]
    },
    {
      "frame": 1,
      "position": [
        -0.02796908602949246,
        0.020691866220020692,
        0.19670730731646363
      ],
      "rotation_euler": [
        12.19724347112528,
        18.24741091192248,
        178.34051863121283
      ],
      "rotation_matrix": [
        [
          -0.9493149569378955,
          -0.0944333755181109,
          -0.29980568727470397
        ],
        [
          0.027503092909390146,
          -0.975100296712846,
          0.22005224659370662
        ],
        [
          -0.31312089105394986,
          0.20065330532731168,
          0.9282745060847065
        ]
      ]
    },
    {
      "frame": 2,
      "position": [
        0.04810314435664851,
        0.08450630833492231,
        0.18484422417413665
      ],
      "rotation_euler": [
        179.90254861369291,
        -28.94139179183655,
        -90.0400024395725
      ],
      "rotation_matrix": [
        [
          -0.0006109828495266052,
          -0.9999977351932543,
          -0.0020387026068743445
        ],
        [
          -0.8751149509600923,
          0.001521237769910138,
          -0.48391270746051185
        ],
        [
          0.4839147128431549,
          0.0014884367669110684,
          -0.8751138984440363
        ]
      ]
    },
    {
      "frame": 3,
      "position": [
        0.03643496003762867,
        0.09768938053486712,
        0.28328232697009886
      ],
      "rotation_euler": [
        177.16894874494832,
        -8.2480845452494,
        87.61832368353798
      ],
      "rotation_matrix": [
        [
          0.04112627458926994,
          0.9976222913297115,
          0.05530274297413712
        ],
        [
          0.9888012898533389,
          -0.048584903106934474,
          0.14110817259982691
        ],
        [
          0.14345953688333418,
          0.048880170132124416,
          -0.9884483245193325
        ]
      ]
    },
    {
      "frame": 4,
      "position": [
        0.13301388470664632,
        0.12277676585821383,
        0.27671464797260326
      ],
      "rotation_euler": [
        -9.646151872071696,
        11.342996380220754,
        -58.40115640347132
      ],
      "rotation_matrix": [
        [
          0.5137342120701658,
          0.8224268910317968,
          0.24431776082883866
        ],
        [
          -0.8351008094773477,
          0.544630899207076,
          -0.07735516556229728
        ],
        [
          -0.1966819700911198,
          -0.16428996480815194,
          0.9666048883098068
        ]
      ]
    },
    {
      "frame": 5,
      "position": [
        0.036856784713133986,
        0.09622938326649838,
        0.2837181184242263
      ],
      "rotation_euler": [
        -9.52188664938199,
        11.866348528251901,
        -56.305791518941994
      ],
      "rotation_matrix": [
        [
          0.5429050605070734,
          0.8016763747524308,
          0.2501381327179233
        ],
        [
          -0.8142300825770241,
          0.5754188657797975,
          -0.07695779058226614
        ],
        [
          -0.20562944317977147,
          -0.161889218506021,
          0.9651468349578155
        ]
      ]
    },
    {
      "frame": 6,
      "position": [
        0.034675912181237875,
        0.12009267601818312,
        0.38080461106891406
      ],
      "rotation_euler": [
        -3.3292899361957105,
        13.899317536820085,
        -51.93279831695857
      ],
      "rotation_matrix": [
        [
          0.5985312792802489,
          0.7773577443255167,
          0.19358523977899758
        ],
        [
          -0.7642357950551008,
          0.626527667622852,
          -0.1529925856359267
        ],
        [
          -0.24021648003341797,
          -0.0563739216323702,
          0.9690810201836293
        ]
      ]
    },
    {
      "frame": 7,
      "position": [
        0.014308218934438146,
        0.08542076429548001,
        0.4723634206357567
      ],
      "rotation_euler": [
        -7.416781615244803,
        12.757063973287325,
        -52.18839255042467
      ],
      "rotation_matrix": [
        [
          0.597933618769573,
          0.7659457932447096,
          0.23622537830608695
        ],
        [
          -0.7705289991061113,
          0.6304572467693531,
          -0.09385478960895284
        ],
        [
          -0.22081768290074907,
          -0.12589957031991317,
          0.9671550284786854
        ]
      ]
    },
    {
      "frame": 8,
      "position": [
        -0.008324059302967684,
        0.10784673970387514,
        0.567151898884786
      ],
      "rotation_euler": [
        -9.138355972606586,
        42.38165571217417,
        127.18655926332029
      ],
      "rotation_matrix": [
        [
          -0.4464619134472027,
          -0.7218550823078781,
          -0.5287693258759898
        ],
        [
          0.5884784542906775,
          -0.6820281655030999,
          0.43420120945954505
        ],
        [
          -0.6740659230941112,
          -0.11731505277142706,
          0.7292957628538103
        ]
      ]
    },
    {
      "frame": 9,
      "position": [
        0.09008380442736996,
        0.1254973711417387,
        0.5650668171415442
      ],
      "rotation_euler": [
        -8.774767611032818,
        42.71244055260768,
        126.41611003959746
      ],
      "rotation_matrix": [
        [
          -0.4361910821910767,
          -0.7338788881921084,
          -0.5207294088899648
        ],
        [
          0.5912870445063855,
          -0.6699684966660938,
          0.4489118448803491
        ],
        [
          -0.6783192248608912,
          -0.1120892097433517,
          0.726167362419457
        ]
      ]
    },
    {
      "frame": 10,
      "position": [
        -0.0046764005865441854,
        0.12209645256929298,
        0.5333030437733728
      ],
      "rotation_euler": [
        -157.25229626668255,
        -15.816240045409657,
        -138.27528854150322
      ],
      "rotation_matrix": [
        [
          -0.718094926482763,
          -0.6924406229110078,
          0.06975428518973313
        ],
        [
          -0.6403550229840155,
          0.6181553788384733,
          -0.45588306850792903
        ],
        [
          0.2725529693451455,
          -0.3720348254608424,
          -0.8873020723211832
        ]
      ]
    },
    {
      "frame": 11,
      "position": [
        0.09342102345574589,
        0.1300260039619225,
        0.5510235858355891
      ],
      "rotation_euler": [
        10.301355828153104,
        30.650188414610323,
        141.95668755551907
      ],
      "rotation_matrix": [
        [
          -0.677521761483996,
          -0.6781194878506329,
          -0.2848126101717018
        ],
        [
          0.5301633021777958,
          -0.7186698446240609,
          0.449933914538528
        ],
        [
          -0.5097951899925671,
          0.15384282441902633,
          0.8464285260051319
        ]
      ]
    },
    {
      "frame": 12,
      "position": [
        0.07213254106906505,
        0.17296387314169434,
        0.6387911191720842
      ],
      "rotation_euler": [
        -12.502764034664308,
        -19.539890936215905,
        -38.25508397775735
      ],
      "rotation_matrix": [
        [
          0.7400378583729327,
          0.6613388303302443,
          -0.12237205429438165
        ],
        [
          -0.5835052885334108,
          0.7218082857565009,
          0.37217519646908526
        ],
        [
          0.3344630718455218,
          -0.2040189944850381,
          0.9200601629572777
        ]
      ]
    },
    {
      "frame": 13,
      "position": [
        0.16814213938385564,
        0.15288829051419278,
        0.6582623290368801
      ],
      "rotation_euler": [
        157.9477763328232,
        -0.36161034462468483,
        13.200445168683945
      ],
      "rotation_matrix": [
        [
          0.9735577387449955,
          0.20934523636774763,
          0.09143249608241083
        ],
        [
          0.22835388646344448,
          -0.902893308242928,
          -0.3641952449815643
        ],
        [
          0.0063112492240818075,
          0.37544406499540417,
          -0.926823565838159
        ]
      ]
    },
    {
      "frame": 14,
      "position": [
        0.17328022542808783,
        0.16167535582831402,
        0.7577429178719259
      ],
      "rotation_euler": [
        165.87138882532466,
        -10.473955147614822,
        -169.29113253808987
      ],
      "rotation_matrix": [
        [
          -0.9662118850653003,
          -0.13659608469483364,
          -0.21857745264458925
        ],
        [
          -0.18272251156313363,
          0.9611067244713986,
          0.20709019277580523
        ],
        [
          0.18178855004267025,
          0.2400320266587391,
          -0.9535919196655787
        ]
      ]
    },
    {
      "frame": 15,
      "position": [
        0.17190831296945908,
        0.16052879243269605,
        0.8577269328372477
      ],
      "rotation_euler": [
        163.7289559644032,
        -5.975681927978626,
        -171.03135113248183
      ],
      "rotation_matrix": [
        [
          -0.9824063966000793,
          -0.12083791555598583,
          -0.14239336390200477
        ],
        [
          -0.1550468965122692,
          0.952757721520155,
          0.2611765379310257
        ],
        [
          0.10410634851515074,
          0.27865915066225144,
          -0.9547308238194867
        ]
      ]
    },
    {
      "frame": 16,
      "position": [
        0.07319269880178236,
        0.15286365196852406,
        0.8437100451241033
      ],
      "rotation_euler": [
        161.61752354542813,
        -5.553551417192219,
        -174.53910637133504
      ],
      "rotation_matrix": [
        [
          -0.9907888695328516,
          -0.05992957038341334,
          -0.12143254342831543
        ],
        [
          -0.09471964405052977,
          0.9475698840503564,
          0.30518765353751637
        ],
        [
          0.09677605613348385,
          0.31387857753350085,
          -0.9445182017964484
        ]
      ]
    },
    {
      "frame": 17,
      "position": [
        0.17299180853173773,
        0.1473572634579515,
        0.8405767748390872
      ],
      "rotation_euler": [
        -15.03114414747362,
        3.0742533222559607,
        172.00053400195156
      ],
      "rotation_matrix": [
        [
          -0.9888442400433243,
          -0.12062907165125811,
          -0.08738246967036727
        ],
        [
          0.13896359674482614,
          -0.9583228786063492,
          -0.2496124578609444
        ],
        [
          -0.05363010080988441,
          -0.2589708234766924,
          0.964395108280277
        ]
      ]
    },
    {
      "frame": 18,
      "position": [
        0.07492666619943386,
        0.1541352308354425,
        0.8222113993304119
      ],
      "rotation_euler": [
        166.8689296532517,
        15.84151020338109,
        -177.14086976720705
      ],
      "rotation_matrix": [
        [
          -0.9608229456578588,
          -0.11051393069404297,
          0.2541769820811949
        ],
        [
          -0.04798609006115642,
          0.9695473229441648,
          0.240156873173445
        ],
        [
          -0.2729772925684362,
          0.21855127474886954,
          -0.9368664462172029
        ]
      ]
    },
    {
      "frame": 19,
      "position": [
        -0.023449612491285646,
        0.17195319382382357,
        0.8200601239155538
      ],
      "rotation_euler": [
        166.07348676675215,
        17.038382039612507,
        -178.6784449936978
      ],
      "rotation_matrix": [
        [
          -0.9558543620619887,
          -0.09288811081632739,
          0.2787727343124473
        ],
        [
          -0.022051156173790918,
          0.968720570607276,
          0.24717241471028278
        ],
        [
          -0.2930122609012513,
          0.2301135696809008,
          -0.9280040732724458
        ]
      ]
    },
    {
      "frame": 20,
      "position": [
        -0.11131592110494877,
        0.1834801856404432,
        0.7737282744999726
      ],
      "rotation_euler": [
        -14.814121561785525,
        23.139726179502627,
        169.45293163016328
      ],
      "rotation_matrix": [
        [
          -0.9040133438866762,
          -0.07817912089896224,
          -0.4202950144009461
        ],
        [
          0.16831724236549495,
          -0.9688185589903447,
          -0.181823831436768
        ],
        [
          -0.3929747829025425,
          -0.23511406765937456,
          0.8889837991726077
        ]
      ]
    },
    {
      "frame": 21,
      "position": [
        -0.20633093338338515,
        0.21287428881842096,
        0.7633295178391509
      ],
      "rotation_euler": [
        163.1768833903281,
        -10.38088706485455,
        159.98086625680148
      ],
      "rotation_matrix": [
        [
          -0.9241989898063653,
          0.3766825097668931,
          -0.06298026735894718
        ],
        [
          0.33673048463197897,
          0.8815141391940341,
          0.3309764389205271
        ],
        [
          0.18019103185342494,
          0.28468071455003063,
          -0.941534961009353
        ]
      ]
    },
    {
      "frame": 22,
      "position": [
        -0.21357331371453148,
        0.23174179664492614,
        0.8612660537976776
      ],
      "rotation_euler": [
        146.8333572233863,
        -11.90153435100554,
        -19.999697491959257
      ],
      "rotation_matrix": [
        [
          0.9194942502764825,
          -0.39231487397569603,
          -0.024887011992581407
        ],
        [
          -0.3346630398554566,
          -0.7480147763316293,
          -0.5731269877996035
        ],
        [
          0.2062303892814779,
          0.535315733046373,
          -0.8190885742640023
        ]
      ]
    },
    {
      "frame": 23,
      "position": [
        -0.22535607727668217,
        0.25223695241931776,
        0.9584314543918289
      ],
      "rotation_euler": [
        148.53353098341427,
        -30.309482783910216,
        -20.383415719163676
      ],
      "rotation_matrix": [
        [
          0.8092538925072913,
          -0.5440236767092737,
          0.221689820789135
        ],
        [
          -0.3006922178657133,
          -0.7077811962297582,
          -0.6392417135783384
        ],
        [
          0.5046705138769173,
          0.45064844107496516,
          -0.7363583740135724
        ]
      ]
    },
    {
      "frame": 24,
      "position": [
        -0.32369033037421635,
        0.24566899145759843,
        0.9414833997378155
      ],
      "rotation_euler": [
        148.9614633332836,
        -31.017864836187474,
        -23.252476482883132
      ],
      "rotation_matrix": [
        [
          0.7873955725668628,
          -0.5823759969788777,
          0.20210494908576182
        ],
        [
          -0.3383321516272078,
          -0.6823311516478187,
          -0.6480397786141409
        ],
        [
          0.5153053148157914,
          0.44188505024929287,
          -0.7343010519458473
        ]
      ]
    },
    {
      "frame": 25,
      "position": [
        -0.22980918304103537,
        0.21122623835233262,
        0.9416475153533749
      ],
      "rotation_euler": [
        148.3355866758195,
        -30.34888703784665,
        -21.764559275641748
      ],
      "rotation_matrix": [
        [
          0.8014486228926635,
          -0.5619238800776183,
          0.20474779085979186
        ],
        [
          -0.31998167193064364,
          -0.6921169334608147,
          -0.6469821327094494
        ],
        [
          0.5052641234957402,
          0.4530073988527262,
          -0.7345015058478563
        ]
      ]
    },
    {
      "frame": 26,
      "position": [
        -0.31381493462870774,
        0.2652998718031788,
        0.9372799226967954
      ],
      "rotation_euler": [
        -30.541774008143022,
        24.885895332270874,
        -46.95269501940347
      ],
      "rotation_matrix": [
        [
          0.6192207472672208,
          0.48343019751974253,
          0.6187575537153838
        ],
        [
          -0.6629347605683783,
          0.7441712554393997,
          0.08201613138823742
        ],
        [
          -0.42081251096416683,
          -0.4609819808883758,
          0.7812889631322477
        ]
      ]
    },
    {
      "frame": 27,
      "position": [
        -0.32436376068377054,
        0.3074477065474416,
        1.027348131823159
      ],
      "rotation_euler": [
        14.829994509223326,
        52.959828046837075,
        165.9727417563233
      ],
      "rotation_matrix": [
        [
          -0.5844123225880495,
          -0.43252152340467276,
          -0.6865765572745269
        ],
        [
          0.14600570786715555,
          -0.8883433916424991,
          0.4353485405916888
        ],
        [
          -0.7982133615001992,
          0.15417895549264435,
          0.5823094359580192
        ]
      ]
    },
    {
      "frame": 28,
      "position": [
        -0.2701420719972972,
        0.22507468766079883,
        1.04392203406397
      ],
      "rotation_euler": [
        14.270136927923145,
        53.01039239938829,
        167.4261869320371
      ],
      "rotation_matrix": [
        [
          -0.587239916258971,
          -0.40314365244621175,
          -0.7018721224300642
        ],
        [
          0.13098189471942662,
          -0.9030392695105143,
          0.40910123560999734
        ],
        [
          -0.7987446550731098,
          0.14830803489442082,
          0.5831052244474325
        ]
      ]
    },
    {
      "frame": 29,
      "position": [
        -0.35574957675563823,
        0.2766260915678264,
        1.0476379302230565
      ],
      "rotation_euler": [
        -167.5269903658023,
        -56.91647975165779,
        131.3060297570866
      ],
      "rotation_matrix": [
        [
          -0.36031231815667353,
          0.6140139250537932,
          -0.7022548919193083
        ],
        [
          0.41004786609080107,
          0.7804407062748536,
          0.4719884018740147
        ],
        [
          0.8378757550490051,
          -0.11789488466104868,
          -0.53297749978007
        ]
      ]
    },
    {
      "frame": 30,
      "position": [
        -0.4345790754609231,
        0.33731721410078397,
        1.037513811517558
      ],
      "rotation_euler": [
        16.17834324455445,
        69.55092456004631,
        155.4327719960415
      ],
      "rotation_matrix": [
        [
          -0.3177472534969165,
          -0.6367323892942961,
          -0.7025728057068127
        ],
        [
          0.14525626735689676,
          -0.7649154819318313,
          0.6275387815063996
        ],
        [
          -0.9369830839928244,
          0.0973456209830262,
          0.33553916371523784
        ]
      ]
    },
    {
      "frame": 31,
      "position": [
        -0.3430180023015944,
        0.2977653890950125,
        1.0447403612215933
      ],
      "rotation_euler": [
        20.33323813751973,
        70.25752781188658,
        162.99770702001848
      ],
      "rotation_matrix": [
        [
          -0.3230291557667109,
          -0.5869495716682929,
          -0.7423896314221078
        ],
        [
          0.09877406010257561,
          -0.801069923698928,
          0.5903648553190193
        ],
        [
          -0.9412204043556933,
          0.11737622273442279,
          0.316744333431713
        ]
      ]
    },
    {
      "frame": 32,
      "position": [
        -0.26336791780981295,
        0.23756356672311296,
        1.0503621601822766
      ],
      "rotation_euler": [
        -164.19332217500948,
        -64.4359395117677,
        123.18315757181298
      ],
      "rotation_matrix": [
        [
          -0.23617831813232598,
          0.6707878308433498,
          -0.7030387528697543
        ],
        [
          0.36114995958676654,
          0.7322754849349772,
          0.5773589185712125
        ],
        [
          0.9021033802922248,
          -0.11754275883999454,
          -0.4152025904418471
        ]
      ]
    },
    {
      "frame": 33,
      "position": [
        -0.288667749178547,
        0.28637538333577406,
        1.133892544424692
      ],
      "rotation_euler": [
        27.474565632225037,
        -51.6456960399226,
        110.05214716764405
      ],
      "rotation_matrix": [
        [
          -0.21276182675472632,
          -0.7093849856097694,
          0.6719414760731911
        ],
        [
          0.5829070605998967,
          -0.6440621819491248,
          -0.49538193798898056
        ],
        [
          0.7841886021734669,
          0.28628106464514846,
          0.550537363170623
        ]
      ]
    },
    {
      "frame": 34,
      "position": [
        -0.315757450091268,
        0.30766613062693793,
        1.2277693370000837
      ],
      "rotation_euler": [
        89.07732664818414,
        -67.25503020697566,
        -124.6308501534641
      ],
      "rotation_matrix": [
        [
          -0.21971675053509002,
          0.5372760731224508,
          -0.8142843304303599
        ],
        [
          -0.3181309540265727,
          0.7495935089778172,
          0.5804328276281971
        ],
        [
          0.9222349188923823,
          0.38657986567906233,
          0.0062258997032947905
        ]
      ]
    },
    {
      "frame": 35,
      "position": [
        -0.2391008766874074,
        0.2776226573506795,
        1.1710140776184432
      ],
      "rotation_euler": [
        92.27600629396576,
        -69.01216946377428,
        -131.62375456534875
      ],
      "rotation_matrix": [
        [
          -0.23790924446064252,
          0.5899925689108817,
          -0.7715620260420443
        ],
        [
          -0.26773996846995257,
          0.7237579670609424,
          0.6359950584709906
        ],
        [
          0.9336565217915367,
          0.35788709636664695,
          -0.014224119318132758
        ]
      ]
    },
    {
      "frame": 36,
      "position": [
        -0.15551916739173502,
        0.22976398979314708,
        1.197914743239043
      ],
      "rotation_euler": [
        89.05077511633748,
        -68.46620652817522,
        -131.85099104904273
      ],
      "rotation_matrix": [
        [
          -0.2448941171443744,
          0.6328810318317848,
          -0.7344987889272604
        ],
        [
          -0.27340907546742854,
          0.6817425635757614,
          0.6785827543204976
        ],
        [
          0.9302012410441723,
          0.3669995593412661,
          0.006080674567372961
        ]
      ]
    },
    {
      "frame": 37,
      "position": [
        -0.15748666846460482,
        0.23746954112030444,
        1.2975980087266503
      ],
      "rotation_euler": [
        84.54817948062642,
        -59.27591449855718,
        49.11744750169672
      ],
      "rotation_matrix": [
        [
          0.33439230653810986,
          -0.6319283699933417,
          0.6991768878657809
        ],
        [
          0.3862706560840563,
          -0.5848072049222612,
          -0.7132990349912176
        ],
        [
          0.8596375780388561,
          0.5085932247568475,
          0.048540355941397655
        ]
      ]
    },
    {
      "frame": 38,
      "position": [
        -0.1514591758914798,
        0.24878018195122498,
        1.396773301704664
      ],
      "rotation_euler": [
        82.84674492441701,
        -62.519408381259446,
        48.886534067052075
      ],
      "rotation_matrix": [
        [
          0.3034262885903312,
          -0.6726356734279738,
          0.6749027620512382
        ],
        [
          0.3476591079809863,
          -0.5813163332860374,
          -0.7356660011803847
        ],
        [
          0.8871671950822777,
          0.4578564966088945,
          0.057461260714238585
        ]
      ]
    },
    {
      "frame": 39,
      "position": [
        -0.1488823782098262,
        0.22848544826216388,
        1.4946583562237166
      ],
      "rotation_euler": [
        57.47134578813069,
        -44.95119788784743,
        -111.99599018411088
      ],
      "rotation_matrix": [
        [
          -0.26506646294557035,
          0.7216837814223726,
          -0.6394625007406038
        ],
        [
          -0.6561947327954937,
          0.3509118941964272,
          0.6680339176740356
        ],
        [
          0.7065042412278707,
          0.5966853124917506,
          0.3805501215131202
        ]
      ]
    },
    {
      "frame": 40,
      "position": [
        -0.164133231400699,
        0.2566635830689729,
        1.3999303023233025
      ],
      "rotation_euler": [
        112.84820432202946,
        -51.69086712358314,
        18.08754604922508
      ],
      "rotation_matrix": [
        [
          0.589270462474094,
          -0.5668228912293408,
          0.5757361652996741
        ],
        [
          0.19246151684531357,
          -0.5936065467077525,
          -0.7814024777534906
        ],
        [
          0.784677568552308,
          0.5712644551204851,
          -0.2407032108774818
        ]
      ]
    },
    {
      "frame": 41,
      "position": [
        -0.1954503300976761,
        0.25063163964011725,
        1.4947082269032113
      ],
      "rotation_euler": [
        120.84283065352497,
        -54.85479139001373,
        5.760834487272975
      ],
      "rotation_matrix": [
        [
          0.5727433333608908,
          -0.6470476347618118,
          0.5032836500819353
        ],
        [
          0.0577816256449607,
          -0.5805651238474937,
          -0.8121609573906928
        ],
        [
          0.8176957611657741,
          0.4942403214237846,
          -0.2951273400592275
        ]
      ]
    },
    {
      "frame": 42,
      "position": [
        -0.19413150318130212,
        0.25327742770016876,
        1.5946645198572116
      ],
      "rotation_euler": [
        132.73489626519518,
        -65.77347679129645,
        168.0242107750295
      ],
      "rotation_matrix": [
        [
          -0.40141421330585464,
          0.796045677297303,
          -0.4529656819366281
        ],
        [
          0.08514595670279497,
          0.5248521988626283,
          0.8469240434692041
        ],
        [
          0.9119302579765632,
          0.3013991522969789,
          -0.2784632032808932
        ]
      ]
    },
    {
      "frame": 43,
      "position": [
        -0.23443064950651515,
        0.24655338216224756,
        1.685937549921207
      ],
      "rotation_euler": [
        120.39825849691739,
        -63.745062037217636,
        171.5526498563475
      ],
      "rotation_matrix": [
        [
          -0.4375668751899563,
          0.8394866981727689,
          -0.3221759043247547
        ],
        [
          0.0649837971095959,
          0.38688370470852895,
          0.9198359120757457
        ],
        [
          0.8968346201221882,
          0.38155351213425037,
          -0.22384052700148802
        ]
      ]
    },
    {
      "frame": 44,
      "position": [
        -0.2955682727760877,
        0.3253195903316186,
        1.6935582763673622
      ],
      "rotation_euler": [
        117.40021656839855,
        -65.80846277145585,
        158.9728159642046
      ],
      "rotation_matrix": [
        [
          -0.38250062321195005,
          0.9210448737599305,
          -0.07327764845446831
        ],
        [
          0.14703648939006148,
          0.13897666432218087,
          0.9793190274684361
        ],
        [
          0.9121806531769405,
          0.36381565015049644,
          -0.188585865523524
        ]
      ]
    },
    {
      "frame": 45,
      "position": [
        -0.28666677395167806,
        0.32372189730605133,
        1.7931484902223143
      ],
      "rotation_euler": [
        114.43728983072748,
        -66.3284410370901,
        -32.56508706383656
      ],
      "rotation_matrix": [
        [
          0.3383706565754274,
          -0.925397804572949,
          -0.1707167304638701
        ],
        [
          -0.21610666285398794,
          0.10015076799687765,
          -0.9712197145547168
        ],
        [
          0.9158620032727753,
          0.36552527540677227,
          -0.1660965502350294
        ]
      ]
    },
    {
      "frame": 46,
      "position": [
        -0.27606317033958366,
        0.3250242792130334,
        1.8925761895409947
      ],
      "rotation_euler": [
        90.79374620149473,
        -60.309924490385825,
        -21.49851677060608
      ],
      "rotation_matrix": [
        [
          0.46084815092494935,
          -0.8132773624465104,
          -0.3552448641727208
        ],
        [
          -0.18151913323540245,
          0.30544524602111434,
          -0.9347480975923756
        ],
        [
          0.8687173222967972,
          0.49526067218702413,
          -0.0068615250736165445
        ]
      ]
    },
    {
      "frame": 47,
      "position": [
        -0.2674279444410121,
        0.3125638164466285,
        1.991420358520898
      ],
      "rotation_euler": [
        49.762225208720764,
        -63.13900286405139,
        -173.76280412958477
      ],
      "rotation_matrix": [
        [
          -0.44915300386392726,
          0.7471558569816549,
          0.4899180589629373
        ],
        [
          -0.04908867855932376,
          -0.5681496514162641,
          0.8214598439563999
        ],
        [
          0.8921053081095887,
          0.34491172634977324,
          0.2918630162749494
        ]
      ]
    },
    {
      "frame": 48,
      "position": [
        -0.20823683983923855,
        0.23201774494075617,
        1.9884634173661226
      ],
      "rotation_euler": [
        -135.92816429120504,
        59.616873296450734,
        52.605624218385316
      ],
      "rotation_matrix": [
        [
          0.307158949715984,
          0.20640555987959577,
          -0.9290049108913039
        ],
        [
          0.40182897051617444,
          -0.9130353222992542,
          -0.06999984776983482
        ],
        [
          -0.8626626560036542,
          -0.35180000722666477,
          -0.3633867042862692
        ]
      ]
    },
    {
      "frame": 49,
      "position": [
        -0.20985279877158997,
        0.23231122902419515,
        2.088449929175575
      ],
      "rotation_euler": [
        -126.77645888764467,
        61.477229507075656,
        62.78012103867544
      ],
      "rotation_matrix": [
        [
          0.21841524790937428,
          0.21048903902777424,
          -0.9528846435586245
        ],
        [
          0.4246276633462215,
          -0.8996714299544115,
          -0.10140347945166409
        ],
        [
          -0.8786274107958439,
          -0.3824731135294902,
          -0.2858814272128318
        ]
      ]
    },
    {
      "frame": 50,
      "position": [
        -0.20269326365981635,
        0.24587963737200824,
        2.1872661189011975
      ],
      "rotation_euler": [
        -125.84603817864435,
        48.40015475022157,
        -114.00329197599729
      ],
      "rotation_matrix": [
        [
          -0.2700771454271409,
          -0.28838691809283806,
          0.9186355757267612
        ],
        [
          -0.6065094141595146,
          0.7919616002760046,
          0.07030756875432534
        ],
        [
          -0.7477998836946979,
          -0.5381726573890383,
          -0.3888001090342112
        ]
      ]
    },
    {
      "frame": 51,
      "position": [
        -0.20701989125997977,
        0.34578569127130254,
        2.187512468004711
      ],
      "rotation_euler": [
        -126.59084940409971,
        49.074085329326074,
        -113.51763093310137
      ],
      "rotation_matrix": [
        [
          -0.2613984325445812,
          -0.30451235991621645,
          0.9159383615295792
        ],
        [
          -0.6006697044815195,
          0.79411801566711,
          0.09258770604679935
        ],
        [
          -0.7555572549987959,
          -0.5259741437097298,
          -0.3904925537926411
        ]
      ]
    },
    {
      "frame": 52,
      "position": [
        -0.2006731736273014,
        0.3289219299981807,
        2.2858757372214984
      ],
      "rotation_euler": [
        -113.61267659678941,
        43.427579563909845,
        77.68097267315856
      ],
      "rotation_matrix": [
        [
          0.15494764214502058,
          0.25694083360692477,
          -0.953924858790814
        ],
        [
          0.7095219264961321,
          -0.7008374055344292,
          -0.07352255997297737
        ],
        [
          -0.6874371709581257,
          -0.6654384562295328,
          -0.29089825877090186
        ]
      ]
    },
    {
      "frame": 53,
      "position": [
        -0.19730267464180917,
        0.34687272346881,
        2.384193633610526
      ],
      "rotation_euler": [
        -111.90602095006213,
        34.05324343673969,
        -100.59414592515719
      ],
      "rotation_matrix": [
        [
          -0.15232371804655323,
          -0.2712092714103834,
          0.9503909806082547
        ],
        [
          -0.8143947761714242,
          0.5792682818751373,
          0.03477651733734415
        ],
        [
          -0.5599630643758253,
          -0.7686961615062677,
          -0.30910771232753514
        ]
      ]
    },
    {
      "frame": 54,
      "position": [
        -0.1809294964720899,
        0.34175656959889866,
        2.482711368086112
      ],
      "rotation_euler": [
        -90.67875921505345,
        23.642334225644436,
        88.7083007389282
      ],
      "rotation_matrix": [
        [
          0.020650428760330984,
          0.0028038033603466493,
          -0.9997828256570163
        ],
        [
          0.9158338872391044,
          -0.4011630036542575,
          0.0177914441122221
        ],
        [
          -0.401025997631725,
          -0.9160023925655464,
          -0.010852006158802843
        ]
      ]
    },
    {
      "frame": 55,
      "position": [
        -0.16700111387965133,
        0.3540030016622659,
        2.5809764435711284
      ],
      "rotation_euler": [
        -86.00025255807834,
        21.911635562539338,
        89.20190060502982
      ],
      "rotation_matrix": [
        [
          0.01292278674947824,
          -0.07493062487446982,
          -0.99710501103873
        ],
        [
          0.9276704836370049,
          -0.3712595827015437,
          0.03992237519177725
        ],
        [
          -0.37317619882745284,
          -0.9255007961683184,
          0.06471322060057057
        ]
      ]
    },
    {
      "frame": 56,
      "position": [
        -0.10334410864855278,
        0.27743596183995495,
        2.590210841107327
      ],
      "rotation_euler": [
        100.92616443838757,
        -12.383260880358868,
        167.0757075825734
      ],
      "rotation_matrix": [
        [
          -0.9519908102610427,
          0.2476222075271135,
          0.17999094287745115
        ],
        [
          0.21845984307492358,
          0.13764690527653842,
          0.9660893470230737
        ],
        [
          0.21444998051339637,
          0.9590289733929753,
          -0.18513409748237744
        ]
      ]
    },
    {
      "frame": 57,
      "position": [
        -0.18926507434897666,
        0.3230214514560127,
        2.5669826085105303
      ],
      "rotation_euler": [
        -89.62246331390566,
        36.71134588573014,
        131.73955146093886
      ],
      "rotation_matrix": [
        [
          -0.5336998124609862,
          0.3930466376504134,
          -0.7487849162548675
        ],
        [
          0.5981796659137731,
          -0.4504307279385509,
          -0.6627920085637924
        ],
        [
          -0.5977839053256521,
          -0.8016398817177484,
          0.005282288629213748
        ]
      ]
    },
    {
      "frame": 58,
      "position": [
        -0.22422649761656982,
        0.4165112551450395,
        2.5608706947929276
      ],
      "rotation_euler": [
        -89.56949711683895,
        36.805654383244516,
        131.09211686176428
      ],
      "rotation_matrix": [
        [
          -0.5262590987683254,
          0.38809932645781375,
          -0.7565912197260402
        ],
        [
          0.603429709442136,
          -0.4564417281183225,
          -0.6538604855738965
        ],
        [
          -0.5991026178595135,
          -0.8006496497440965,
          0.006015948680678407
        ]
      ]
    },
    {
      "frame": 59,
      "position": [
        -0.198625809582205,
        0.41901682725540734,
        2.657505713707226
      ],
      "rotation_euler": [
        -126.67865939789581,
        41.459444230847005,
        -70.0638297204694
      ],
      "rotation_matrix": [
        [
          0.2555335972551865,
          -0.7425854483733956,
          0.6190875806684402
        ],
        [
          -0.7045138371347219,
          0.29550163719469613,
          0.6452433926054244
        ],
        [
          -0.6620897476622997,
          -0.6010371321967812,
          -0.44765112728679374
        ]
      ]
    },
    {
      "frame": 60,
      "position": [
        -0.16656937674072708,
        0.4318050456288566,
        2.7513611695119518
      ],
      "rotation_euler": [
        -71.12489768851607,
        34.52477957430709,
        148.3955018672427
      ],
      "rotation_matrix": [
        [
          -0.7016878714634245,
          0.28721241011734977,
          -0.6520300319124164
        ],
        [
          0.4317571993084309,
          -0.556567611783438,
          -0.7098015316685455
        ],
        [
          -0.5667626062880842,
          -0.779577786361475,
          0.2665307170389122
        ]
      ]
    },
    {
      "frame": 61,
      "position": [
        -0.15737675424722025,
        0.4244936004076432,
        2.8506689660863853
      ],
      "rotation_euler": [
        -76.92860638371383,
        31.896191450408146,
        145.56329368481528
      ],
      "rotation_matrix": [
        [
          -0.7002195441230064,
          0.2965968298926939,
          -0.6494019637526268
        ],
        [
          0.4801095258264025,
          -0.4775853360131416,
          -0.7358037034671367
        ],
        [
          -0.5283819009380516,
          -0.8270082026937898,
          0.19201562290156068
        ]
      ]
    },
    {
      "frame": 62,
      "position": [
        -0.18721925586640623,
        0.5197410260479278,
        2.8445572555232657
      ],
      "rotation_euler": [
        97.61835739399575,
        -25.598636311706304,
        71.03866023245925
      ],
      "rotation_matrix": [
        [
          0.29303586844422386,
          -0.013771233451768275,
          0.956002266176369
        ],
        [
